1.323719339501973735e+00
1.323719339501973735e+00
1.323719339501973735e+00
9.739218167632389678e-01
9.941997847466506055e-01
9.724650252980104881e-01
9.709398155849100487e-01
9.677240064797723029e-01
1.141848092954355964e+00
1.141848092954355964e+00
1.141848092954355964e+00
2.816856802290683692e-01
1.047204158834008858e+00
1.047204158834008858e+00
1.047204158834008858e+00
1.047204158834008858e+00
1.469467410716058797e+00
1.469467410716058797e+00
9.459838879053275029e-01
1.034068037598852685e+00
1.034068037598852685e+00
1.034068037598852685e+00
2.443750932391042241e-01
2.443750932391042241e-01
2.443750932391042241e-01
6.503738076657916700e-01
9.929528849456220607e-01
9.929528849456220607e-01
9.929528849456220607e-01
9.929528849456220607e-01
9.929528849456220607e-01
2.592151002444773034e-01
2.592151002444773034e-01
2.592151002444773034e-01
2.592151002444773034e-01
2.592151002444773034e-01
2.592151002444773034e-01
2.592151002444773034e-01
7.952929379599242843e-01
3.814900859209967021e-01
3.814900859209967021e-01
2.722216347852073337e-01
2.722216347852073337e-01
2.722216347852073337e-01
2.722216347852073337e-01
2.722216347852073337e-01
2.722216347852073337e-01
2.722216347852073337e-01
1.251670466258506753e+00
1.251670466258506753e+00
1.251670466258506753e+00
9.786656902733317231e-01
9.499975869901176040e-01
9.977338102798541941e-01
9.977338102798541941e-01
9.977338102798541941e-01
1.281830988618378520e+00
9.971224713735695744e-01
9.971224713735695744e-01
8.726760455264837013e-01
1.082817205174436470e+00
