1.099418993485354434e+00
9.388780829281742069e-01
2.818309886183790747e-01
2.818309886183790747e-01
2.818309886183790747e-01
2.818309886183790747e-01
3.605141639597440051e-01
3.605141639597440051e-01
3.605141639597440051e-01
1.127323954473516077e+00
9.635891191308356696e-01
9.355179772057857779e-01
9.355179772057857779e-01
1.041572592185924240e+00
3.198288452512079161e-01
1.031830988618379186e+00
8.300879859589551657e-01
8.300879859589551657e-01
8.300879859589551657e-01
8.300879859589551657e-01
8.414851282659467913e-01
2.255425153107004643e-01
2.255425153107004643e-01
1.030905362996308305e+00
9.290892448792844593e-01
9.348246648302040995e-01
9.234714105656007810e-01
9.234714105656007810e-01
9.234714105656007810e-01
1.159154943091894818e+00
